Tiny Image:

classifier svm (svm.lambda = 1)
(patchDim, accuracy): (1, 60), (2, 54), (3, 71), (4, 63), (5, 62)

(patchDim, accuracy): (1, 60), (2, 54), (3, 71), (4, 62), (5, 67), (10, 66)

KNN (K = 3)
(patchDim, accuracy): (1, 49), (2, 53), (3, 62), (4, 72), (5, 69),
(6, 65), (7,70), (8, 72), (9, 73), (10, 72), (11, 71), (12, 73), (13, 72), (14, 72), (16, 72), (18, 73), (24, 70), (32, 71), (64,70), (128, 69), (256, 68)

best k:(patch size = 4)
(k, accuracy) : (1, 62), (2, 63), (3, 72), (5, 63), (7, 69), (11, 70), (17, 70)